10.0976
18.528
26.7335
34.8233
42.6706
50.9624
58.8376
67.6211
76.5484
84.3153
92.8988
100.9566
109.0927
117.9438
125.0859
132.2602
139.3006
147.9659
156.5222
165.2622
174.2194
182.8177
190.7407
199.3018
206.5383
214.8182
222.1049
230.9942
239.0379
251.8672
260.0727
268.1625
276.0098
284.3016
292.1768
300.9603
309.8876
317.6545
326.238
334.2958
342.4319
351.283
358.4251
365.5994
372.6398
381.3051
389.8614
398.6014
407.5586
416.1569
424.0799
432.641
439.8775
448.1574
455.4441
464.3334
472.3771
484.9124
493.3428
501.5483
509.6381
517.4854
525.7772
533.6524
542.4359
551.3632
559.1301
567.7136
575.7714
583.9075
592.7586
599.9007
607.075
614.1154
622.7807
631.337
640.077
649.0342
657.6325
665.5555
674.1166
681.3531
689.633
696.9197
705.809
713.8527