10.0976
18.528
26.7335
34.8233
42.6706
50.9624
58.8376
67.6211
76.5484
84.3153
92.8988
100.9566
109.0927
117.9438
125.0859
132.2602
139.3006
147.9659
156.5222
165.2622
174.2194
182.8177
190.7407
199.3018
206.5383
214.8182
222.1049
230.9942
239.0379
251.8672
260.0727
268.1625
276.0098
284.3016
292.1768
300.9603
309.8876
317.6545
326.238
334.2958
342.4319
351.283
358.4251
365.5994
372.6398
381.3051
389.8614
398.6014
407.5586
416.1569
424.0799
432.641
439.8775
448.1574
455.4441
464.3334
472.3771
485.2064
493.6368
501.8423
509.9321
517.7794
526.0712
533.9464
542.7299
551.6572
559.4241
568.0076
576.0654
584.2015
593.0526
600.1947
607.369
614.4094
623.0747
631.631
640.371
649.3282
657.9265
665.8495
674.4106
681.6471
689.927
697.2137
706.103
714.1467