7.6528,7.6528,7.6528,7.6528,7.6528,10.702,10.702,10.702,10.702,10.702,10.702,10.702,10.702,10.702,10.702,7.6528,7.6528,7.6528,7.6528,7.6528,10.702,10.702,10.702,7.6528,7.6528,10.702
18.78,18.78,18.78,18.78,18.78,38.491,38.491,38.491,38.491,38.491,38.491,38.491,38.491,38.491,38.491,18.78,18.78,18.78,18.78,18.78,38.491,38.491,38.491,18.78,18.78,38.491
28.68,28.68,28.68,28.68,28.68,39.491,39.491,39.491,39.491,39.491,39.491,39.491,39.491,39.491,39.491,28.68,28.68,28.68,28.68,28.68,39.491,39.491,39.491,28.68,28.68,39.491
17.375,17.375,17.375,17.375,17.375,55.311,55.311,55.311,55.311,55.311,55.311,55.311,55.311,55.311,55.311,17.375,17.375,17.375,17.375,17.375,55.311,55.311,55.311,17.375,17.375,55.311
8.4349,8.4349,8.4349,8.4349,8.4349,8.623,8.623,8.623,8.623,8.623,8.623,8.623,8.623,8.623,8.623,8.4349,8.4349,8.4349,8.4349,8.4349,8.623,8.623,8.623,8.4349,8.4349,8.623
26.532,26.532,26.532,26.532,26.532,28.671,28.671,28.671,28.671,28.671,28.671,28.671,28.671,28.671,28.671,26.532,26.532,26.532,26.532,26.532,28.671,28.671,28.671,26.532,26.532,28.671
25.819,25.819,25.819,25.819,25.819,15.068,15.068,15.068,15.068,15.068,15.068,15.068,15.068,15.068,15.068,25.819,25.819,25.819,25.819,25.819,15.068,15.068,15.068,25.819,25.819,15.068
3.1186,3.1186,3.1186,3.1186,3.1186,10.167,10.167,10.167,10.167,10.167,10.167,10.167,10.167,10.167,10.167,3.1186,3.1186,3.1186,3.1186,3.1186,10.167,10.167,10.167,3.1186,3.1186,10.167
16.86,16.86,16.86,16.86,16.86,12.385,12.385,12.385,12.385,12.385,12.385,12.385,12.385,12.385,12.385,16.86,16.86,16.86,16.86,16.86,12.385,12.385,12.385,16.86,16.86,12.385
5.7619,5.7619,5.7619,5.7619,5.7619,12.504,12.504,12.504,12.504,12.504,12.504,12.504,12.504,12.504,12.504,5.7619,5.7619,5.7619,5.7619,5.7619,12.504,12.504,12.504,5.7619,5.7619,12.504
38.343,38.343,38.343,38.343,38.343,39.907,39.907,39.907,39.907,39.907,39.907,39.907,39.907,39.907,39.907,38.343,38.343,38.343,38.343,38.343,39.907,39.907,39.907,38.343,38.343,39.907
10.435,10.435,10.435,10.435,10.435,13.929,13.929,13.929,13.929,13.929,13.929,13.929,13.929,13.929,13.929,10.435,10.435,10.435,10.435,10.435,13.929,13.929,13.929,10.435,10.435,13.929
19.454,19.454,19.454,19.454,19.454,18.81,18.81,18.81,18.81,18.81,18.81,18.81,18.81,18.81,18.81,19.454,19.454,19.454,19.454,19.454,18.81,18.81,18.81,19.454,19.454,18.81
8.6527,8.6527,8.6527,8.6527,8.6527,14.702,14.702,14.702,14.702,14.702,14.702,14.702,14.702,14.702,14.702,8.6527,8.6527,8.6527,8.6527,8.6527,14.702,14.702,14.702,8.6527,8.6527,14.702
33.314,33.314,33.314,33.314,33.314,30.69,30.69,30.69,30.69,30.69,30.69,30.69,30.69,30.69,30.69,33.314,33.314,33.314,33.314,33.314,30.69,30.69,30.69,33.314,33.314,30.69
4.8016,4.8016,4.8016,4.8016,4.8016,11.831,11.831,11.831,11.831,11.831,11.831,11.831,11.831,11.831,11.831,4.8016,4.8016,4.8016,4.8016,4.8016,11.831,11.831,11.831,4.8016,4.8016,11.831
27.205,27.205,27.205,27.205,27.205,17.78,17.78,17.78,17.78,17.78,17.78,17.78,17.78,17.78,17.78,27.205,27.205,27.205,27.205,27.205,17.78,17.78,17.78,27.205,27.205,17.78
35.66,35.66,35.66,35.66,35.66,27.71,27.71,27.71,27.71,27.71,27.71,27.71,27.71,27.71,27.71,35.66,35.66,35.66,35.66,35.66,27.71,27.71,27.71,35.66,35.66,27.71
40.56,40.56,40.56,40.56,40.56,39.412,39.412,39.412,39.412,39.412,39.412,39.412,39.412,39.412,39.412,40.56,40.56,40.56,40.56,40.56,39.412,39.412,39.412,40.56,40.56,39.412
22.641,22.641,22.641,22.641,22.641,28.146,28.146,28.146,28.146,28.146,28.146,28.146,28.146,28.146,28.146,22.641,22.641,22.641,22.641,22.641,28.146,28.146,28.146,22.641,22.641,28.146
8.128,8.128,8.128,8.128,8.128,14.395,14.395,14.395,14.395,14.395,14.395,14.395,14.395,14.395,14.395,8.128,8.128,8.128,8.128,8.128,14.395,14.395,14.395,8.128,8.128,14.395
11.573,11.573,11.573,11.573,11.573,13.979,13.979,13.979,13.979,13.979,13.979,13.979,13.979,13.979,13.979,11.573,11.573,11.573,11.573,11.573,13.979,13.979,13.979,11.573,11.573,13.979
51.351,51.351,51.351,51.351,51.351,51.49,51.49,51.49,51.49,51.49,51.49,51.49,51.49,51.49,51.49,51.351,51.351,51.351,51.351,51.351,51.49,51.49,51.49,51.351,51.351,51.49
12.979,12.979,12.979,12.979,12.979,9.6229,9.6229,9.6229,9.6229,9.6229,9.6229,9.6229,9.6229,9.6229,9.6229,12.979,12.979,12.979,12.979,12.979,9.6229,9.6229,9.6229,12.979,12.979,9.6229
34.967,34.967,34.967,34.967,34.967,43.115,43.115,43.115,43.115,43.115,43.115,43.115,43.115,43.115,43.115,34.967,34.967,34.967,34.967,34.967,43.115,43.115,43.115,34.967,34.967,43.115
19.78,19.78,19.78,19.78,19.78,20.978,20.978,20.978,20.978,20.978,20.978,20.978,20.978,20.978,20.978,19.78,19.78,19.78,19.78,19.78,20.978,20.978,20.978,19.78,19.78,20.978
42.511,42.511,42.511,42.511,42.511,43.718,43.718,43.718,43.718,43.718,43.718,43.718,43.718,43.718,43.718,42.511,42.511,42.511,42.511,42.511,43.718,43.718,43.718,42.511,42.511,43.718
7.3855,7.3855,7.3855,7.3855,7.3855,7.0291,7.0291,7.0291,7.0291,7.0291,7.0291,7.0291,7.0291,7.0291,7.0291,7.3855,7.3855,7.3855,7.3855,7.3855,7.0291,7.0291,7.0291,7.3855,7.3855,7.0291
9.8704,9.8704,9.8704,9.8704,9.8704,14.236,14.236,14.236,14.236,14.236,14.236,14.236,14.236,14.236,14.236,9.8704,9.8704,9.8704,9.8704,9.8704,14.236,14.236,14.236,9.8704,9.8704,14.236
37.788,37.788,37.788,37.788,37.788,38.848,38.848,38.848,38.848,38.848,38.848,38.848,38.848,38.848,38.848,37.788,37.788,37.788,37.788,37.788,38.848,38.848,38.848,37.788,37.788,38.848
6.3064,6.3064,6.3064,6.3064,6.3064,7.8211,7.8211,7.8211,7.8211,7.8211,7.8211,7.8211,7.8211,7.8211,7.8211,6.3064,6.3064,6.3064,6.3064,6.3064,7.8211,7.8211,7.8211,6.3064,6.3064,7.8211
25.879,25.879,25.879,25.879,25.879,32.155,32.155,32.155,32.155,32.155,32.155,32.155,32.155,32.155,32.155,25.879,25.879,25.879,25.879,25.879,32.155,32.155,32.155,25.879,25.879,32.155
23.681,23.681,23.681,23.681,23.681,44.609,44.609,44.609,44.609,44.609,44.609,44.609,44.609,44.609,44.609,23.681,23.681,23.681,23.681,23.681,44.609,44.609,44.609,23.681,23.681,44.609
35.878,35.878,35.878,35.878,35.878,42.897,42.897,42.897,42.897,42.897,42.897,42.897,42.897,42.897,42.897,35.878,35.878,35.878,35.878,35.878,42.897,42.897,42.897,35.878,35.878,42.897
8.227,8.227,8.227,8.227,8.227,8.821,8.821,8.821,8.821,8.821,8.821,8.821,8.821,8.821,8.821,8.227,8.227,8.227,8.227,8.227,8.821,8.821,8.821,8.227,8.227,8.821
12.276,12.276,12.276,12.276,12.276,16.503,16.503,16.503,16.503,16.503,16.503,16.503,16.503,16.503,16.503,12.276,12.276,12.276,12.276,12.276,16.503,16.503,16.503,12.276,12.276,16.503
8.1181,8.1181,8.1181,8.1181,8.1181,20.919,20.919,20.919,20.919,20.919,20.919,20.919,20.919,20.919,20.919,8.1181,8.1181,8.1181,8.1181,8.1181,20.919,20.919,20.919,8.1181,8.1181,20.919
29.106,29.106,29.106,29.106,29.106,38.303,38.303,38.303,38.303,38.303,38.303,38.303,38.303,38.303,38.303,29.106,29.106,29.106,29.106,29.106,38.303,38.303,38.303,29.106,29.106,38.303
13.504,13.504,13.504,13.504,13.504,15.246,15.246,15.246,15.246,15.246,15.246,15.246,15.246,15.246,15.246,13.504,13.504,13.504,13.504,13.504,15.246,15.246,15.246,13.504,13.504,15.246
31.165,31.165,31.165,31.165,31.165,33.017,33.017,33.017,33.017,33.017,33.017,33.017,33.017,33.017,33.017,31.165,31.165,31.165,31.165,31.165,33.017,33.017,33.017,31.165,31.165,33.017
7.2766,7.2766,7.2766,7.2766,7.2766,8.5636,8.5636,8.5636,8.5636,8.5636,8.5636,8.5636,8.5636,8.5636,8.5636,7.2766,7.2766,7.2766,7.2766,7.2766,8.5636,8.5636,8.5636,7.2766,7.2766,8.5636
14.504,14.504,14.504,14.504,14.504,16.711,16.711,16.711,16.711,16.711,16.711,16.711,16.711,16.711,16.711,14.504,14.504,14.504,14.504,14.504,16.711,16.711,16.711,14.504,14.504,16.711
10.286,10.286,10.286,10.286,10.286,13.118,13.118,13.118,13.118,13.118,13.118,13.118,13.118,13.118,13.118,10.286,10.286,10.286,10.286,10.286,13.118,13.118,13.118,10.286,10.286,13.118
9.4843,9.4843,9.4843,9.4843,9.4843,11.534,11.534,11.534,11.534,11.534,11.534,11.534,11.534,11.534,11.534,9.4843,9.4843,9.4843,9.4843,9.4843,11.534,11.534,11.534,9.4843,9.4843,11.534
28.839,28.839,28.839,28.839,28.839,40.164,40.164,40.164,40.164,40.164,40.164,40.164,40.164,40.164,40.164,28.839,28.839,28.839,28.839,28.839,40.164,40.164,40.164,28.839,28.839,40.164
22.463,22.463,22.463,22.463,22.463,17.375,17.375,17.375,17.375,17.375,17.375,17.375,17.375,17.375,17.375,22.463,22.463,22.463,22.463,22.463,17.375,17.375,17.375,22.463,22.463,17.375
25.394,25.394,25.394,25.394,25.394,16.167,16.167,16.167,16.167,16.167,16.167,16.167,16.167,16.167,16.167,25.394,25.394,25.394,25.394,25.394,16.167,16.167,16.167,25.394,25.394,16.167
14.098,14.098,14.098,14.098,14.098,13.722,13.722,13.722,13.722,13.722,13.722,13.722,13.722,13.722,13.722,14.098,14.098,14.098,14.098,14.098,13.722,13.722,13.722,14.098,14.098,13.722
46.392,46.392,46.392,46.392,46.392,47.777,47.777,47.777,47.777,47.777,47.777,47.777,47.777,47.777,47.777,46.392,46.392,46.392,46.392,46.392,47.777,47.777,47.777,46.392,46.392,47.777
38.016,38.016,38.016,38.016,38.016,15.424,15.424,15.424,15.424,15.424,15.424,15.424,15.424,15.424,15.424,38.016,38.016,38.016,38.016,38.016,15.424,15.424,15.424,38.016,38.016,15.424
26.047,26.047,26.047,26.047,26.047,10.454,10.454,10.454,10.454,10.454,10.454,10.454,10.454,10.454,10.454,26.047,26.047,26.047,26.047,26.047,10.454,10.454,10.454,26.047,26.047,10.454
31.829,31.829,31.829,31.829,31.829,13.86,13.86,13.86,13.86,13.86,13.86,13.86,13.86,13.86,13.86,31.829,31.829,31.829,31.829,31.829,13.86,13.86,13.86,31.829,31.829,13.86
23.602,23.602,23.602,23.602,23.602,12.791,12.791,12.791,12.791,12.791,12.791,12.791,12.791,12.791,12.791,23.602,23.602,23.602,23.602,23.602,12.791,12.791,12.791,23.602,23.602,12.791
14.791,14.791,14.791,14.791,14.791,5.5936,5.5936,5.5936,5.5936,5.5936,5.5936,5.5936,5.5936,5.5936,5.5936,14.791,14.791,14.791,14.791,14.791,5.5936,5.5936,5.5936,14.791,14.791,5.5936
19.176,19.176,19.176,19.176,19.176,6.6034,6.6034,6.6034,6.6034,6.6034,6.6034,6.6034,6.6034,6.6034,6.6034,19.176,19.176,19.176,19.176,19.176,6.6034,6.6034,6.6034,19.176,19.176,6.6034
19.434,19.434,19.434,19.434,19.434,7.9102,7.9102,7.9102,7.9102,7.9102,7.9102,7.9102,7.9102,7.9102,7.9102,19.434,19.434,19.434,19.434,19.434,7.9102,7.9102,7.9102,19.434,19.434,7.9102
19.652,19.652,19.652,19.652,19.652,5.8114,5.8114,5.8114,5.8114,5.8114,5.8114,5.8114,5.8114,5.8114,5.8114,19.652,19.652,19.652,19.652,19.652,5.8114,5.8114,5.8114,19.652,19.652,5.8114
1.2178,1.2178,1.2178,1.2178,1.2178,1.198,1.198,1.198,1.198,1.198,1.198,1.198,1.198,1.198,1.198,1.2178,1.2178,1.2178,1.2178,1.2178,1.198,1.198,1.198,1.2178,1.2178,1.198
3.9898,3.9898,3.9898,3.9898,3.9898,13.325,13.325,13.325,13.325,13.325,13.325,13.325,13.325,13.325,13.325,3.9898,3.9898,3.9898,3.9898,3.9898,13.325,13.325,13.325,3.9898,3.9898,13.325
35.888,35.888,35.888,35.888,35.888,45.55,45.55,45.55,45.55,45.55,45.55,45.55,45.55,45.55,45.55,35.888,35.888,35.888,35.888,35.888,45.55,45.55,45.55,35.888,35.888,45.55
49.154,49.154,49.154,49.154,49.154,48.292,48.292,48.292,48.292,48.292,48.292,48.292,48.292,48.292,48.292,49.154,49.154,49.154,49.154,49.154,48.292,48.292,48.292,49.154,49.154,48.292
30.522,30.522,30.522,30.522,30.522,25.245,25.245,25.245,25.245,25.245,25.245,25.245,25.245,25.245,25.245,30.522,30.522,30.522,30.522,30.522,25.245,25.245,25.245,30.522,30.522,25.245
21.067,21.067,21.067,21.067,21.067,20.097,20.097,20.097,20.097,20.097,20.097,20.097,20.097,20.097,20.097,21.067,21.067,21.067,21.067,21.067,20.097,20.097,20.097,21.067,21.067,20.097
10.187,10.187,10.187,10.187,10.187,18.592,18.592,18.592,18.592,18.592,18.592,18.592,18.592,18.592,18.592,10.187,10.187,10.187,10.187,10.187,18.592,18.592,18.592,10.187,10.187,18.592
37.184,37.184,37.184,37.184,37.184,35.066,35.066,35.066,35.066,35.066,35.066,35.066,35.066,35.066,35.066,37.184,37.184,37.184,37.184,37.184,35.066,35.066,35.066,37.184,37.184,35.066
14.216,14.216,14.216,14.216,14.216,15.642,15.642,15.642,15.642,15.642,15.642,15.642,15.642,15.642,15.642,14.216,14.216,14.216,14.216,14.216,15.642,15.642,15.642,14.216,14.216,15.642
9.712,9.712,9.712,9.712,9.712,5.7619,5.7619,5.7619,5.7619,5.7619,5.7619,5.7619,5.7619,5.7619,5.7619,9.712,9.712,9.712,9.712,9.712,5.7619,5.7619,5.7619,9.712,9.712,5.7619
45.471,45.471,45.471,45.471,45.471,25.839,25.839,25.839,25.839,25.839,25.839,25.839,25.839,25.839,25.839,45.471,45.471,45.471,45.471,45.471,25.839,25.839,25.839,45.471,45.471,25.839
27.057,27.057,27.057,27.057,27.057,13.929,13.929,13.929,13.929,13.929,13.929,13.929,13.929,13.929,13.929,27.057,27.057,27.057,27.057,27.057,13.929,13.929,13.929,27.057,27.057,13.929
10.355,10.355,10.355,10.355,10.355,14.197,14.197,14.197,14.197,14.197,14.197,14.197,14.197,14.197,14.197,10.355,10.355,10.355,10.355,10.355,14.197,14.197,14.197,10.355,10.355,14.197
20.543,20.543,20.543,20.543,20.543,20.949,20.949,20.949,20.949,20.949,20.949,20.949,20.949,20.949,20.949,20.543,20.543,20.543,20.543,20.543,20.949,20.949,20.949,20.543,20.543,20.949
11.702,11.702,11.702,11.702,11.702,12.306,12.306,12.306,12.306,12.306,12.306,12.306,12.306,12.306,12.306,11.702,11.702,11.702,11.702,11.702,12.306,12.306,12.306,11.702,11.702,12.306
11.831,11.831,11.831,11.831,11.831,9.4843,9.4843,9.4843,9.4843,9.4843,9.4843,9.4843,9.4843,9.4843,9.4843,11.831,11.831,11.831,11.831,11.831,9.4843,9.4843,9.4843,11.831,11.831,9.4843
31.294,31.294,31.294,31.294,31.294,36.62,36.62,36.62,36.62,36.62,36.62,36.62,36.62,36.62,36.62,31.294,31.294,31.294,31.294,31.294,36.62,36.62,36.62,31.294,31.294,36.62
44.411,44.411,44.411,44.411,44.411,42.976,42.976,42.976,42.976,42.976,42.976,42.976,42.976,42.976,42.976,44.411,44.411,44.411,44.411,44.411,42.976,42.976,42.976,44.411,44.411,42.976
36.937,36.937,36.937,36.937,36.937,21.275,21.275,21.275,21.275,21.275,21.275,21.275,21.275,21.275,21.275,36.937,36.937,36.937,36.937,36.937,21.275,21.275,21.275,36.937,36.937,21.275
7.2667,7.2667,7.2667,7.2667,7.2667,10.296,10.296,10.296,10.296,10.296,10.296,10.296,10.296,10.296,10.296,7.2667,7.2667,7.2667,7.2667,7.2667,10.296,10.296,10.296,7.2667,7.2667,10.296
11.256,11.256,11.256,11.256,11.256,9.6922,9.6922,9.6922,9.6922,9.6922,9.6922,9.6922,9.6922,9.6922,9.6922,11.256,11.256,11.256,11.256,11.256,9.6922,9.6922,9.6922,11.256,11.256,9.6922
10.613,10.613,10.613,10.613,10.613,13.979,13.979,13.979,13.979,13.979,13.979,13.979,13.979,13.979,13.979,10.613,10.613,10.613,10.613,10.613,13.979,13.979,13.979,10.613,10.613,13.979
45.223,45.223,45.223,45.223,45.223,42.431,42.431,42.431,42.431,42.431,42.431,42.431,42.431,42.431,42.431,45.223,45.223,45.223,45.223,45.223,42.431,42.431,42.431,45.223,45.223,42.431
8.1577,8.1577,8.1577,8.1577,8.1577,9.6229,9.6229,9.6229,9.6229,9.6229,9.6229,9.6229,9.6229,9.6229,9.6229,8.1577,8.1577,8.1577,8.1577,8.1577,9.6229,9.6229,9.6229,8.1577,8.1577,9.6229
7.039,7.039,7.039,7.039,7.039,6.7519,6.7519,6.7519,6.7519,6.7519,6.7519,6.7519,6.7519,6.7519,6.7519,7.039,7.039,7.039,7.039,7.039,6.7519,6.7519,6.7519,7.039,7.039,6.7519
20.186,20.186,20.186,20.186,20.186,14.989,14.989,14.989,14.989,14.989,14.989,14.989,14.989,14.989,14.989,20.186,20.186,20.186,20.186,20.186,14.989,14.989,14.989,20.186,20.186,14.989
22.206,22.206,22.206,22.206,22.206,24.938,24.938,24.938,24.938,24.938,24.938,24.938,24.938,24.938,24.938,22.206,22.206,22.206,22.206,22.206,24.938,24.938,24.938,22.206,22.206,24.938
37.689,37.689,37.689,37.689,37.689,27.057,27.057,27.057,27.057,27.057,27.057,27.057,27.057,27.057,27.057,37.689,37.689,37.689,37.689,37.689,27.057,27.057,27.057,37.689,37.689,27.057
19.206,19.206,19.206,19.206,19.206,24.77,24.77,24.77,24.77,24.77,24.77,24.77,24.77,24.77,24.77,19.206,19.206,19.206,19.206,19.206,24.77,24.77,24.77,19.206,19.206,24.77
